030272, 030324, 030432, 030429, 030462
160414
030194, 030195
030231, 030232, 030233, 030234, 030235, 030236,
030239
030341, 030342, 030343, 030344, 030345, 030346,
030349, 030487
160520, 160521, 160529,160530,
030611, 030612, 030613 030615,030616, 030617
030619, 030621,030622, 030625,030626,030627
030629,030631
 
160551
160552
160553
160554
160555
160556
160557
160558
160559
030721, 030722 030729
030771, 030772, 030779
030741, 030742, 030743, 030749
030751, 030752,030759,
030791, 030792, 030799,
